  22.235080   0.109  2.143  27.84
  67.813960   0.001  8.730  27.60
 119.995940   0.001  8.347  27.00
 183.310117   2.300  0.653  31.64
 321.225644   0.046  6.156  21.40
 325.152919   1.540  1.515  29.70
 336.187000   0.001  9.802  26.50
 380.197372  11.900  1.018  30.36
 390.134508   0.004  7.318  19.00
 437.346667   0.064  5.015  13.70
 439.150812   0.921  3.561  16.40
 443.018295   0.194  5.015  14.40
 448.001075  10.600  1.370  23.80
 470.888947   0.330  3.561  18.20
 474.689127   1.280  2.342  19.80
 488.491133   0.253  2.814  24.90
 503.568532   0.037  6.693  11.50
 504.482692   0.013  6.693  11.90
 556.936002 510.000  0.114  30.00
 620.700807   5.090  2.150  22.30
 658.006500   0.274  7.767  30.00
 752.033227 250.000  0.336  28.60
 841.073593   0.013  8.113  14.10
 859.865000   0.133  7.989  28.60
 899.407000   0.055  7.845  28.60
 902.555000   0.038  8.360  26.40
 906.205524   0.183  5.039  23.40
 916.171582   8.560  1.369  25.30
 970.315022   9.160  1.842  24.00
 987.926764 138.000  0.178  28.60
