  49.452379  1.200e-01 11.830  8.400  6.700  1.700  0.000
  49.962257  3.400e-01 10.720  8.500  6.700  1.700  0.000
  50.474238  9.400e-01  9.690  8.600  6.700  1.700  0.000
  50.987748  2.460e+00  8.690  8.700  6.700  1.700  0.000
  51.503350  6.080e+00  7.740  8.900  6.685  1.700  0.000
  52.021409  1.414e+01  6.840  9.200  6.403  1.700  0.000
  52.542393  3.102e+01  6.000  9.400  6.099  1.800  0.000
  53.066906  6.410e+01  5.220  9.700  5.772  1.800  0.000
  53.595748  1.247e+02  4.480 10.000  5.454  1.900  0.000
  54.129999  2.280e+02  3.810 10.200  5.206  1.900  0.000
  54.671157  3.918e+02  3.190 10.500  4.814  1.900  0.000
  55.221365  6.316e+02  2.620 10.790  4.363  2.000  0.000
  55.783800  9.535e+02  2.115 11.100  4.105  2.000  0.000
  56.264777  5.489e+02  0.010 16.460  2.812  0.800  0.000
  56.363387  1.344e+03  1.655 11.440  4.154  2.000  0.000
  56.968180  1.763e+03  1.255 11.810  3.548  2.100  0.000
  57.612481  2.141e+03  0.910 12.210  1.122  3.400  0.000
  58.323874  2.386e+03  0.621 12.660  0.051  6.000  0.000
  58.446589  1.457e+03  0.079 14.490  6.201  0.600  0.000
  59.164204  2.404e+03  0.386 13.190 -4.174  0.100  0.000
  59.590982  2.112e+03  0.207 13.600  6.853  0.400  0.000
  60.306057  2.124e+03  0.207 13.820 -6.254  0.400  0.000
  60.434775  2.461e+03  0.386 12.970  3.341  0.100  0.000
  61.150558  2.504e+03  0.621 12.480 -1.308  2.700  0.000
  61.800152  2.298e+03  0.910 12.070 -2.059  2.300  0.000
  62.411212  1.933e+03  1.255 11.710 -4.325  2.000  0.000
  62.486253  1.517e+03  0.078 14.680 -4.052  0.600  0.000
  62.997974  1.503e+03  1.660 11.390 -4.726  2.000  0.000
  63.568515  1.087e+03  2.110 11.080 -4.538  2.000  0.000
  64.127764  7.335e+02  2.620 10.780 -4.711  2.000  0.000
  64.678900  4.635e+02  3.190 10.500 -5.105  1.900  0.000
  65.224067  2.748e+02  3.810 10.200 -5.451  1.900  0.000
  65.764769  1.530e+02  4.480 10.000 -5.663  1.800  0.000
  66.302088  8.009e+01  5.220  9.700 -5.948  1.800  0.000
  66.836827  3.946e+01  6.000  9.400 -6.246  1.700  0.000
  67.369595  1.832e+01  6.840  9.200 -6.522  1.700  0.000
  67.900862  8.010e+00  7.740  8.900 -6.775  1.700  0.000
  68.431001  3.300e+00  8.690  8.700 -6.700  1.700  0.000
  68.960306  1.280e+00  9.690  8.600 -6.700  1.700  0.000
  69.489021  4.700e-01 10.720  8.500 -6.700  1.700  0.000
  70.017342  1.600e-01 11.830  8.400 -6.700  1.700  0.000
 118.750341  9.450e+02  0.000 16.300 -0.244  0.800  0.000
 368.498350  6.790e+01  0.020 19.200  0.000  1.000  0.600
 424.763120  6.380e+02  0.011 19.160  0.000  1.000  0.600
 487.249370  2.350e+02  0.011 19.200  0.000  1.000  0.600
 715.393150  9.960e+01  0.089 18.100  0.000  1.000  0.600
 773.838730  6.710e+02  0.079 18.100  0.000  1.000  0.600
 834.145330  1.800e+02  0.079 18.100  0.000  1.000  0.600
